-4.400000 
-1.200000 
-0.400000 
-0.800000 
-0.400000 
0.000000 
0.000000 
0.000000 
0.400000 
0.000000 
0.400000 
0.400000 
0.000000 
0.000000 
0.000000 
0.000000 
6.400000 
0.800000 
-0.800000 
-0.800000 
-0.800000 
-0.800000 
-1.200000 
-0.400000 
-0.400000 
0.000000 
-0.400000 
0.000000 
0.000000 
0.000000 
0.000000 
0.400000 
0.000000 
0.000000 
0.000000 
0.000000 
0.400000 
0.400000 
5.600000 
0.400000 
-2.000000 
-0.400000 
-0.400000 
-1.200000 
-0.400000 
-0.400000 
-0.400000 
0.000000 
-0.400000 
0.000000 
0.000000 
0.000000 
0.000000 
0.000000 
0.400000 
0.000000 
0.400000 
5.200000 
2.400000 
0.000000 
-0.800000 
-1.200000 
-1.200000 
-0.800000 
-0.400000 
-0.400000 
3.200000 
0.000000 
-1.600000 
1.200000 
-0.400000 
-1.600000 
1.200000 
-0.400000 
0.000000 
0.000000 
0.000000 
0.000000 
3.600000 
3.600000 
0.400000 
-2.800000 
0.400000 
-0.800000 
-1.200000 
-0.800000 
-0.400000 
-0.400000 
-0.400000 
0.000000 
-0.400000 
0.000000 
-0.400000 
-0.400000 
0.000000 
-0.800000 
1.200000 
0.400000 
0.000000 
0.000000 
0.000000 
0.400000 
0.000000 
0.000000 
0.000000 
-0.400000 
0.400000 
0.000000 
0.000000 
0.400000 
0.400000 
-3.200000 
0.400000 
0.800000 
0.800000 
0.800000 
1.600000 
2.000000 
2.400000 
0.000000 
-11.200000 
-30.000000 
