-1.200000 
-0.400000 
0.000000 
0.000000 
0.000000 
-0.400000 
0.000000 
0.000000 
-0.400000 
2.400000 
5.600000 
0.800000 
-1.600000 
-0.800000 
-1.200000 
-0.800000 
-0.400000 
-0.400000 
0.000000 
0.800000 
0.000000 
0.000000 
0.000000 
-0.400000 
0.000000 
0.000000 
0.000000 
-0.400000 
0.400000 
6.800000 
1.200000 
-2.000000 
-0.800000 
-1.200000 
-1.200000 
-0.800000 
-0.400000 
0.000000 
0.000000 
0.000000 
0.000000 
0.400000 
-0.400000 
0.000000 
-0.400000 
0.000000 
-0.400000 
0.000000 
5.200000 
0.800000 
-0.800000 
-1.200000 
-1.600000 
-0.800000 
-0.800000 
-0.400000 
0.000000 
0.000000 
0.400000 
0.000000 
0.400000 
0.000000 
0.000000 
0.000000 
0.000000 
0.000000 
0.000000 
4.000000 
2.800000 
-0.400000 
-1.200000 
-0.400000 
0.000000 
0.000000 
0.000000 
0.400000 
1.200000 
0.800000 
0.400000 
0.000000 
0.400000 
0.000000 
0.400000 
0.400000 
0.000000 
0.000000 
0.000000 
0.400000 
0.400000 
0.000000 
0.400000 
0.400000 
1.600000 
1.600000 
30.000000 
21.600000 
16.000000 
-16.400000 
