-4.000000 
-1.200000 
-1.200000 
-0.400000 
-0.400000 
-0.800000 
-0.400000 
-0.400000 
0.000000 
-0.400000 
0.000000 
0.000000 
0.000000 
4.000000 
3.600000 
0.800000 
-0.800000 
-1.200000 
-0.800000 
-0.400000 
-0.800000 
-0.800000 
-0.800000 
-0.400000 
-0.800000 
-0.400000 
0.000000 
0.000000 
0.000000 
0.000000 
0.000000 
0.400000 
5.200000 
2.000000 
-0.400000 
-1.600000 
-1.200000 
-2.000000 
-0.800000 
-0.400000 
0.000000 
0.000000 
0.000000 
0.000000 
0.000000 
0.000000 
0.000000 
-0.400000 
0.000000 
0.000000 
0.000000 
-0.400000 
6.400000 
1.200000 
0.000000 
-0.400000 
-0.400000 
-1.200000 
-0.400000 
-0.400000 
0.000000 
0.000000 
0.000000 
-0.400000 
0.000000 
0.000000 
-0.400000 
-0.400000 
0.000000 
0.000000 
0.400000 
7.200000 
3.600000 
0.400000 
0.000000 
0.000000 
-1.600000 
1.600000 
0.000000 
0.800000 
0.400000 
0.000000 
0.000000 
-1.200000 
0.000000 
2.400000 
26.000000 
22.400000 
0.000000 
16.400000 
