-0.800000 
0.000000 
0.400000 
0.000000 
0.000000 
-0.400000 
-0.400000 
0.000000 
-0.400000 
0.000000 
0.400000 
7.600000 
2.000000 
-1.200000 
-1.200000 
-2.400000 
-0.800000 
-0.800000 
0.000000 
0.000000 
0.000000 
-0.400000 
0.000000 
-0.400000 
-0.400000 
0.400000 
0.000000 
0.000000 
0.000000 
7.200000 
1.200000 
-1.200000 
-1.200000 
-0.800000 
-0.800000 
-0.800000 
0.000000 
-0.800000 
-0.400000 
0.000000 
-0.400000 
0.000000 
-0.400000 
-0.400000 
0.000000 
0.400000 
9.200000 
-1.600000 
-0.800000 
-1.600000 
-0.800000 
-0.800000 
0.000000 
0.000000 
0.000000 
0.000000 
0.000000 
-0.400000 
0.000000 
0.000000 
0.400000 
4.800000 
2.400000 
0.800000 
-1.200000 
-0.400000 
-0.400000 
-0.400000 
0.000000 
0.000000 
0.400000 
0.800000 
0.400000 
0.800000 
0.800000 
0.800000 
0.800000 
0.400000 
0.800000 
0.400000 
0.800000 
0.400000 
22.800000 
27.600000 
0.000000 
0.000000 
