8.000000 
0.800000 
-2.000000 
-1.200000 
-0.800000 
-1.200000 
0.000000 
-0.400000 
-0.800000 
-0.400000 
0.000000 
0.000000 
0.000000 
0.400000 
0.400000 
0.000000 
0.000000 
0.000000 
0.400000 
5.200000 
2.000000 
-0.400000 
-2.000000 
-0.800000 
-0.400000 
-1.200000 
0.000000 
-0.400000 
-0.400000 
0.000000 
0.400000 
0.000000 
0.400000 
0.000000 
0.000000 
0.000000 
0.000000 
-0.400000 
0.400000 
0.400000 
0.000000 
6.000000 
0.000000 
-0.400000 
-2.000000 
-0.400000 
-1.200000 
-0.400000 
0.000000 
-0.400000 
-0.400000 
0.000000 
0.000000 
0.000000 
0.000000 
0.400000 
0.000000 
0.400000 
0.000000 
0.400000 
0.000000 
0.000000 
2.400000 
3.200000 
0.400000 
-1.600000 
-0.800000 
1.600000 
-0.400000 
-0.400000 
-0.400000 
0.000000 
0.000000 
0.000000 
-0.400000 
0.000000 
0.000000 
-0.400000 
-2.000000 
2.400000 
0.000000 
-0.400000 
-2.000000 
2.000000 
1.600000 
2.000000 
-0.400000 
-1.200000 
-0.400000 
-0.800000 
-0.800000 
-0.400000 
-0.400000 
0.000000 
0.000000 
0.000000 
0.000000 
0.000000 
0.000000 
0.400000 
0.400000 
0.800000 
2.000000 
2.800000 
1.200000 
-16.400000 
14.000000 
