-4.000000 
-0.400000 
-1.200000 
-0.800000 
0.000000 
0.000000 
0.000000 
0.000000 
0.400000 
-0.400000 
0.000000 
-0.400000 
0.000000 
0.000000 
2.400000 
4.400000 
0.400000 
-1.200000 
-2.800000 
-1.200000 
-0.800000 
-0.800000 
0.000000 
-0.400000 
0.000000 
0.000000 
0.400000 
0.000000 
0.400000 
0.000000 
0.000000 
0.000000 
0.000000 
0.400000 
0.000000 
5.600000 
2.000000 
0.800000 
-1.600000 
-0.800000 
-0.800000 
-0.800000 
-0.800000 
-0.800000 
-0.400000 
-0.400000 
-0.400000 
0.400000 
-0.400000 
-0.400000 
0.000000 
0.000000 
0.000000 
0.400000 
0.400000 
0.000000 
6.000000 
1.200000 
-0.400000 
-1.200000 
-0.800000 
-0.800000 
-0.400000 
-0.800000 
3.600000 
0.000000 
0.000000 
-0.400000 
0.000000 
0.000000 
-0.400000 
0.000000 
0.000000 
0.000000 
0.400000 
4.800000 
4.000000 
0.000000 
-1.200000 
-2.000000 
1.200000 
0.000000 
-0.400000 
-0.400000 
0.000000 
0.000000 
-0.800000 
1.200000 
0.400000 
0.000000 
0.400000 
0.800000 
0.400000 
0.400000 
0.800000 
0.400000 
0.400000 
0.400000 
0.400000 
0.800000 
27.200000 
21.600000 
20.000000 
-3.200000 
-16.400000 
16.800000 
