-4.400000 
-0.400000 
-0.400000 
0.000000 
-0.400000 
0.000000 
-0.400000 
0.000000 
0.000000 
-0.400000 
0.000000 
0.000000 
0.000000 
0.000000 
0.400000 
4.000000 
4.000000 
-0.400000 
-0.800000 
-0.400000 
-1.200000 
-0.800000 
-0.800000 
-0.400000 
-0.400000 
0.400000 
0.000000 
0.000000 
0.400000 
0.000000 
0.000000 
0.000000 
0.000000 
-0.400000 
0.400000 
0.000000 
1.200000 
6.400000 
0.800000 
-0.400000 
-1.600000 
-1.200000 
-1.200000 
-0.800000 
-0.800000 
-0.400000 
-0.400000 
0.000000 
0.000000 
0.000000 
0.000000 
-0.400000 
0.000000 
-0.400000 
0.000000 
0.000000 
0.000000 
0.400000 
6.400000 
1.200000 
-0.800000 
-0.800000 
-0.800000 
-0.400000 
-1.200000 
-0.400000 
-0.400000 
-0.400000 
0.000000 
-0.400000 
-0.400000 
0.000000 
0.000000 
0.000000 
0.000000 
-0.400000 
0.000000 
0.000000 
4.400000 
2.800000 
2.000000 
-2.800000 
-0.800000 
-0.800000 
-0.800000 
-0.400000 
-0.400000 
0.000000 
-0.400000 
0.000000 
-0.400000 
0.000000 
0.000000 
0.400000 
0.400000 
0.000000 
0.000000 
0.400000 
0.400000 
0.000000 
0.400000 
0.000000 
0.000000 
0.400000 
0.000000 
0.000000 
0.400000 
0.800000 
1.200000 
0.800000 
1.200000 
1.600000 
1.600000 
1.600000 
-2.400000 
-8.800000 
0.000000 
