-3.200000 
0.000000 
-0.400000 
0.000000 
0.000000 
-0.400000 
0.400000 
0.000000 
0.000000 
0.800000 
0.000000 
0.000000 
6.800000 
1.200000 
-0.800000 
-0.800000 
0.000000 
-1.200000 
-0.800000 
-0.400000 
-0.400000 
0.000000 
0.400000 
0.000000 
0.400000 
0.000000 
-0.400000 
0.000000 
0.000000 
0.000000 
0.400000 
0.000000 
6.000000 
2.000000 
-1.200000 
-0.800000 
-1.200000 
-0.800000 
-1.200000 
-0.400000 
-0.400000 
0.000000 
0.000000 
-0.400000 
0.000000 
0.000000 
0.000000 
-0.400000 
0.000000 
0.000000 
0.400000 
6.000000 
2.000000 
-0.400000 
-1.200000 
-0.400000 
-0.800000 
-0.800000 
-0.400000 
-0.400000 
-0.400000 
0.000000 
0.000000 
0.000000 
-0.400000 
-0.400000 
0.000000 
-0.400000 
0.000000 
0.000000 
0.400000 
1.600000 
4.800000 
2.000000 
-0.400000 
0.000000 
0.000000 
0.000000 
-0.400000 
0.400000 
0.400000 
0.400000 
0.400000 
0.400000 
0.000000 
0.400000 
0.400000 
1.200000 
6.000000 
-19.200000 
-30.000000 
