4.400000 
-0.400000 
-0.800000 
-0.800000 
-0.800000 
-0.800000 
-0.400000 
-0.400000 
-0.800000 
-0.400000 
0.000000 
0.000000 
0.000000 
0.000000 
-0.400000 
-0.400000 
0.000000 
4.800000 
4.800000 
-1.600000 
-2.000000 
-1.200000 
-1.600000 
-1.200000 
-0.400000 
-0.400000 
-0.400000 
0.000000 
0.000000 
0.000000 
0.000000 
0.000000 
-0.400000 
-0.400000 
0.400000 
0.000000 
0.400000 
5.600000 
4.400000 
0.400000 
-0.400000 
-0.800000 
-1.200000 
-0.800000 
-0.400000 
-0.800000 
-0.400000 
-0.400000 
-0.400000 
-0.400000 
-0.400000 
0.000000 
-0.400000 
0.000000 
-0.400000 
0.000000 
0.400000 
0.000000 
3.200000 
4.400000 
1.600000 
-1.600000 
-1.600000 
-0.400000 
-1.600000 
-0.800000 
-0.400000 
-0.400000 
-0.800000 
0.400000 
0.000000 
0.000000 
0.400000 
-0.800000 
0.000000 
0.000000 
0.400000 
-0.400000 
0.400000 
0.400000 
0.000000 
7.600000 
1.600000 
-0.800000 
-1.200000 
-0.400000 
-1.600000 
-0.400000 
1.200000 
0.000000 
0.000000 
0.000000 
0.400000 
0.000000 
0.000000 
0.000000 
0.800000 
0.800000 
1.200000 
2.000000 
4.000000 
-2.000000 
-6.800000 
1.600000 
