0.000000 
-0.400000 
0.000000 
0.000000 
0.400000 
0.400000 
0.000000 
0.400000 
0.000000 
0.000000 
0.000000 
0.000000 
0.400000 
0.000000 
0.000000 
0.400000 
-0.400000 
0.000000 
0.000000 
-0.400000 
-0.400000 
0.000000 
0.400000 
0.000000 
0.400000 
0.000000 
0.000000 
0.400000 
0.000000 
-0.400000 
0.000000 
0.400000 
0.000000 
0.000000 
-0.400000 
0.000000 
0.000000 
-0.400000 
0.400000 
0.000000 
-0.400000 
0.000000 
0.000000 
0.000000 
0.000000 
0.400000 
-0.400000 
0.000000 
0.000000 
0.000000 
0.000000 
0.400000 
0.400000 
2.000000 
2.000000 
-11.200000 
-19.200000 
-30.000000 
