-2.400000 
-0.400000 
0.000000 
0.000000 
-0.400000 
0.000000 
0.000000 
0.400000 
-0.400000 
0.800000 
0.000000 
0.400000 
7.600000 
-2.400000 
-0.400000 
-1.200000 
-0.800000 
0.000000 
0.000000 
0.000000 
-0.400000 
0.000000 
-0.800000 
-0.400000 
0.000000 
0.000000 
0.400000 
0.000000 
0.000000 
0.400000 
7.200000 
-0.800000 
-0.800000 
0.000000 
-0.800000 
-0.400000 
-0.400000 
-0.400000 
-0.800000 
-0.400000 
-0.400000 
0.000000 
-0.400000 
-0.400000 
0.000000 
-0.400000 
0.000000 
0.000000 
1.200000 
6.400000 
-0.800000 
-1.600000 
-0.800000 
-0.400000 
0.000000 
-0.400000 
0.000000 
0.000000 
-0.400000 
-0.400000 
0.000000 
-0.400000 
0.000000 
0.000000 
0.000000 
0.400000 
7.200000 
0.400000 
-1.200000 
0.000000 
0.000000 
-0.400000 
0.400000 
0.000000 
0.000000 
0.400000 
0.400000 
0.000000 
0.400000 
0.400000 
0.000000 
0.400000 
0.400000 
0.400000 
0.400000 
0.000000 
0.400000 
0.400000 
3.200000 
-6.400000 
-1.200000 
0.000000 
