-1.200000 
-0.400000 
-0.400000 
-0.400000 
-0.400000 
0.000000 
-0.400000 
0.000000 
-0.400000 
0.400000 
0.400000 
0.000000 
-0.400000 
0.000000 
-0.400000 
0.000000 
0.000000 
-0.400000 
-0.400000 
0.000000 
0.400000 
0.400000 
0.000000 
0.400000 
0.000000 
0.000000 
0.000000 
0.000000 
0.000000 
0.000000 
-0.400000 
0.000000 
0.000000 
-0.400000 
-0.400000 
0.000000 
0.400000 
0.000000 
0.000000 
0.400000 
0.400000 
0.000000 
0.400000 
0.000000 
0.000000 
-0.800000 
-0.800000 
-2.400000 
-4.400000 
-6.800000 
-5.600000 
-11.600000 
-15.200000 
-18.000000 
-14.000000 
