1.200000 
0.000000 
0.000000 
0.400000 
6.000000 
3.200000 
-1.600000 
-2.000000 
-0.800000 
-1.600000 
-0.800000 
-1.200000 
-0.400000 
0.000000 
-0.400000 
0.000000 
0.000000 
0.000000 
-0.400000 
0.000000 
0.000000 
0.000000 
0.400000 
0.400000 
0.000000 
0.400000 
0.400000 
0.400000 
0.400000 
0.000000 
0.000000 
8.000000 
-0.800000 
0.000000 
-2.000000 
-1.200000 
-0.400000 
-0.800000 
0.000000 
0.000000 
0.400000 
0.000000 
-0.400000 
0.000000 
-0.400000 
0.000000 
0.000000 
0.000000 
0.000000 
0.000000 
0.000000 
0.000000 
0.000000 
0.400000 
4.800000 
4.000000 
0.400000 
-0.800000 
0.000000 
0.400000 
-0.800000 
-0.800000 
-1.200000 
-0.800000 
-1.200000 
-1.600000 
-0.400000 
0.000000 
0.000000 
0.000000 
0.000000 
0.000000 
0.000000 
0.000000 
0.000000 
0.000000 
0.000000 
-0.400000 
3.600000 
5.200000 
0.400000 
-1.200000 
-1.200000 
-0.400000 
-1.200000 
0.000000 
-0.800000 
-0.400000 
-0.800000 
-0.800000 
0.000000 
-0.400000 
0.000000 
0.000000 
0.000000 
0.000000 
0.000000 
0.400000 
0.000000 
0.400000 
4.000000 
3.600000 
0.400000 
0.000000 
0.400000 
0.800000 
0.000000 
0.000000 
0.000000 
0.000000 
0.000000 
0.000000 
0.000000 
0.000000 
0.000000 
0.400000 
0.000000 
0.000000 
0.000000 
-0.400000 
0.400000 
0.400000 
0.400000 
0.000000 
0.400000 
0.400000 
0.000000 
0.400000 
0.400000 
0.400000 
-0.400000 
0.400000 
0.000000 
0.000000 
0.000000 
0.400000 
0.000000 
0.000000 
-0.400000 
0.400000 
0.000000 
-0.400000 
0.000000 
0.000000 
0.000000 
0.000000 
0.000000 
0.400000 
0.400000 
0.400000 
0.400000 
0.400000 
0.400000 
0.400000 
0.800000 
0.400000 
-0.800000 
-0.400000 
-0.800000 
-1.200000 
-6.800000 
-14.400000 
30.000000 
