0.400000 
0.800000 
0.400000 
0.000000 
-0.400000 
0.400000 
0.400000 
0.400000 
0.400000 
-0.800000 
-0.400000 
0.000000 
0.000000 
0.400000 
0.400000 
0.000000 
-0.800000 
0.000000 
0.000000 
-0.400000 
0.400000 
0.000000 
0.400000 
0.000000 
0.000000 
0.400000 
0.000000 
0.400000 
0.000000 
0.000000 
-0.400000 
0.000000 
0.000000 
0.000000 
0.000000 
0.000000 
-0.400000 
0.000000 
0.000000 
0.000000 
0.400000 
0.000000 
0.000000 
-0.400000 
-0.400000 
-0.400000 
0.000000 
-0.400000 
0.000000 
-0.800000 
-0.800000 
0.000000 
0.000000 
0.400000 
0.400000 
0.000000 
-0.400000 
-0.400000 
0.000000 
0.000000 
-0.400000 
0.000000 
0.000000 
0.000000 
0.000000 
0.000000 
-0.400000 
0.400000 
0.000000 
0.400000 
0.400000 
0.000000 
-0.400000 
0.000000 
0.000000 
0.000000 
0.000000 
0.000000 
0.000000 
0.000000 
0.000000 
0.400000 
0.000000 
0.400000 
0.400000 
0.400000 
0.400000 
0.400000 
0.000000 
-0.400000 
0.000000 
-0.400000 
0.000000 
0.000000 
0.000000 
0.000000 
0.000000 
0.000000 
0.400000 
0.400000 
0.400000 
0.400000 
0.400000 
0.000000 
0.400000 
0.000000 
0.000000 
0.000000 
0.000000 
0.000000 
0.400000 
1.600000 
-0.400000 
-0.400000 
1.600000 
1.200000 
0.000000 
0.000000 
1.600000 
1.600000 
0.800000 
0.800000 
0.400000 
1.200000 
0.000000 
0.000000 
0.000000 
-0.800000 
0.800000 
-1.200000 
-1.200000 
0.000000 
1.200000 
1.200000 
0.800000 
-0.400000 
-1.200000 
-1.200000 
0.400000 
0.800000 
0.800000 
0.400000 
-2.800000 
0.800000 
0.400000 
0.000000 
-2.000000 
0.000000 
0.400000 
0.800000 
0.000000 
-0.400000 
-0.400000 
-0.400000 
0.000000 
0.400000 
0.400000 
0.400000 
-0.400000 
0.000000 
-0.400000 
0.400000 
0.400000 
0.400000 
0.000000 
0.000000 
-0.400000 
0.000000 
0.400000 
0.000000 
0.400000 
0.000000 
-0.400000 
0.400000 
0.400000 
0.000000 
0.400000 
-0.400000 
-0.400000 
0.000000 
0.000000 
0.000000 
0.000000 
-0.400000 
0.000000 
0.000000 
0.000000 
0.000000 
0.000000 
0.000000 
0.000000 
-0.400000 
0.000000 
-0.400000 
0.000000 
0.400000 
0.800000 
0.000000 
0.400000 
0.400000 
0.400000 
0.000000 
0.400000 
0.000000 
-0.400000 
-0.400000 
-0.800000 
-0.400000 
-0.400000 
-0.400000 
-0.400000 
0.000000 
0.000000 
-0.400000 
0.000000 
-0.400000 
0.000000 
-0.400000 
-0.400000 
0.000000 
0.000000 
0.000000 
-0.400000 
-0.400000 
0.000000 
-0.400000 
0.400000 
-0.400000 
0.000000 
0.000000 
0.000000 
0.000000 
0.400000 
26.000000 
-25.600000 
-0.400000 
-0.400000 
13.600000 
-13.600000 
13.600000 
-13.600000 
26.000000 
-26.800000 
25.600000 
-12.800000 
12.400000 
-12.800000 
12.800000 
-12.800000 
12.400000 
-12.800000 
0.000000 
0.000000 
12.800000 
-12.400000 
-0.400000 
0.000000 
-0.400000 
0.000000 
-14.400000 
26.800000 
-26.800000 
26.800000 
-26.400000 
27.200000 
-12.800000 
0.800000 
0.800000 
0.000000 
0.400000 
0.400000 
0.400000 
0.000000 
-13.600000 
24.800000 
-25.200000 
13.600000 
-13.600000 
13.200000 
-0.400000 
12.800000 
-24.800000 
17.600000 
-1.600000 
-10.400000 
3.600000 
14.800000 
-14.800000 
3.600000 
-3.200000 
14.000000 
-14.400000 
0.800000 
-1.200000 
0.400000 
0.400000 
13.600000 
-12.800000 
13.200000 
-14.800000 
15.600000 
-0.800000 
-14.400000 
0.000000 
-0.400000 
0.800000 
14.000000 
-14.000000 
14.400000 
-14.800000 
0.400000 
14.400000 
-14.400000 
-0.400000 
14.400000 
0.800000 
-15.200000 
0.400000 
0.000000 
0.000000 
0.000000 
14.800000 
-15.200000 
1.200000 
-1.200000 
0.000000 
-0.400000 
1.200000 
14.800000 
-0.800000 
-14.000000 
-1.200000 
0.000000 
0.400000 
0.000000 
14.800000 
-14.800000 
0.400000 
14.800000 
-15.600000 
