-4.000000 
-0.800000 
-0.400000 
-0.400000 
0.000000 
0.000000 
-0.400000 
0.800000 
0.000000 
0.000000 
0.400000 
0.000000 
0.400000 
0.000000 
0.000000 
4.000000 
1.600000 
-0.800000 
-0.400000 
-0.800000 
-0.800000 
-0.400000 
-0.400000 
0.000000 
0.000000 
0.000000 
-0.400000 
-0.400000 
-0.400000 
0.400000 
0.000000 
0.000000 
5.200000 
2.800000 
-0.800000 
-1.200000 
0.000000 
-0.800000 
-0.800000 
-0.400000 
-0.400000 
-0.400000 
0.000000 
0.000000 
0.000000 
-0.400000 
0.000000 
0.000000 
0.000000 
0.000000 
0.800000 
4.800000 
2.400000 
0.000000 
-0.800000 
-1.200000 
-1.200000 
-0.800000 
-0.400000 
-0.400000 
-0.400000 
-0.400000 
0.000000 
0.000000 
0.000000 
0.000000 
0.000000 
0.000000 
0.800000 
6.000000 
3.200000 
1.600000 
0.000000 
-0.800000 
0.000000 
0.000000 
0.000000 
3.600000 
27.200000 
22.800000 
16.400000 
