-0.660000 
-1.320000 
-0.440000 
-0.440000 
0.000000 
0.000000 
0.000000 
0.220000 
0.000000 
0.000000 
0.220000 
0.000000 
0.000000 
0.220000 
0.220000 
0.000000 
-0.220000 
-3.080000 
-1.980000 
-0.660000 
-0.440000 
-1.100000 
-0.440000 
-0.440000 
-0.220000 
0.000000 
0.220000 
0.220000 
0.220000 
0.220000 
0.000000 
0.000000 
0.220000 
0.000000 
0.000000 
0.000000 
-3.080000 
-0.440000 
-1.760000 
-0.440000 
-0.440000 
-0.880000 
-0.220000 
-0.220000 
0.000000 
0.000000 
0.000000 
0.000000 
0.000000 
0.000000 
0.000000 
0.220000 
0.000000 
0.220000 
0.000000 
0.000000 
0.220000 
-2.640000 
-1.540000 
-0.880000 
-0.660000 
-1.100000 
-0.440000 
-0.440000 
-0.220000 
0.000000 
-0.220000 
0.000000 
0.000000 
0.000000 
0.000000 
0.220000 
0.000000 
0.000000 
0.220000 
0.000000 
0.000000 
0.000000 
-4.400000 
-1.320000 
-0.660000 
