0.220000 
0.000000 
0.000000 
0.220000 
0.000000 
0.220000 
0.000000 
0.000000 
0.220000 
0.000000 
0.220000 
0.000000 
0.000000 
0.000000 
0.220000 
0.000000 
0.000000 
0.220000 
0.000000 
0.000000 
0.000000 
0.000000 
0.220000 
0.000000 
0.000000 
0.220000 
0.000000 
0.000000 
0.000000 
0.000000 
-0.220000 
0.000000 
-0.220000 
0.000000 
0.000000 
0.000000 
0.000000 
-0.220000 
0.000000 
0.220000 
0.000000 
0.220000 
0.660000 
0.220000 
0.880000 
0.440000 
0.440000 
0.220000 
-0.220000 
-1.320000 
-1.100000 
-1.980000 
-3.960000 
-4.180000 
1.320000 
-0.220000 
0.220000 
0.000000 
0.000000 
0.000000 
0.000000 
