-0.440000 
0.000000 
-0.220000 
0.000000 
0.000000 
-0.220000 
-0.220000 
0.000000 
0.000000 
0.000000 
0.000000 
0.000000 
0.000000 
0.000000 
0.000000 
0.000000 
0.000000 
-0.220000 
0.000000 
0.000000 
0.000000 
0.000000 
0.000000 
0.000000 
0.000000 
0.000000 
0.000000 
0.000000 
0.000000 
-0.220000 
0.000000 
0.000000 
0.000000 
-0.220000 
0.000000 
0.000000 
0.000000 
0.000000 
0.000000 
-0.220000 
0.220000 
0.000000 
0.000000 
0.000000 
-0.220000 
0.000000 
0.000000 
0.000000 
0.000000 
0.000000 
0.000000 
-0.220000 
0.000000 
0.000000 
0.000000 
0.000000 
0.000000 
0.000000 
0.000000 
0.000000 
0.000000 
-0.220000 
0.000000 
0.000000 
-0.220000 
0.000000 
0.000000 
-0.220000 
0.000000 
0.000000 
0.000000 
0.000000 
-0.220000 
0.000000 
0.000000 
0.000000 
0.000000 
0.000000 
0.000000 
0.000000 
0.000000 
-0.220000 
0.000000 
0.220000 
0.000000 
0.000000 
0.220000 
0.000000 
0.220000 
0.220000 
0.000000 
-3.300000 
