0.220000 
0.000000 
0.000000 
0.000000 
0.220000 
0.000000 
0.220000 
0.000000 
0.000000 
0.000000 
0.000000 
0.000000 
0.000000 
0.000000 
0.000000 
-0.220000 
0.000000 
0.000000 
0.000000 
0.000000 
0.000000 
-0.220000 
0.000000 
-0.220000 
0.000000 
0.000000 
0.000000 
0.000000 
0.000000 
0.000000 
-0.220000 
0.000000 
0.000000 
0.220000 
0.220000 
1.100000 
0.440000 
0.440000 
0.880000 
0.000000 
0.000000 
-1.100000 
-0.660000 
-4.180000 
-3.080000 
-3.960000 
-3.960000 
-3.960000 
-4.400000 
-0.440000 
0.220000 
-0.220000 
0.220000 
-0.880000 
0.880000 
0.220000 
-0.220000 
-0.220000 
0.440000 
-0.440000 
0.000000 
0.000000 
0.440000 
0.000000 
-0.440000 
0.440000 
-0.440000 
0.440000 
0.000000 
-0.440000 
0.220000 
-0.220000 
0.000000 
0.000000 
0.220000 
-0.220000 
0.440000 
-0.220000 
0.000000 
-0.220000 
0.440000 
-0.220000 
0.000000 
-0.220000 
0.440000 
-0.220000 
-0.220000 
0.000000 
0.220000 
-0.220000 
0.440000 
-0.440000 
0.000000 
0.440000 
-0.220000 
0.220000 
0.000000 
-0.440000 
0.440000 
0.000000 
-0.220000 
-0.220000 
0.440000 
0.000000 
0.000000 
0.000000 
0.000000 
0.000000 
-0.220000 
0.000000 
0.220000 
0.000000 
0.000000 
0.000000 
0.000000 
0.000000 
0.000000 
-0.220000 
-0.220000 
0.220000 
-0.220000 
0.220000 
0.220000 
-0.440000 
0.220000 
0.220000 
-0.440000 
0.440000 
0.000000 
-0.440000 
0.220000 
0.220000 
-0.440000 
0.000000 
0.000000 
0.440000 
0.000000 
0.000000 
-0.440000 
0.000000 
0.440000 
0.220000 
-0.660000 
0.440000 
-0.220000 
0.000000 
0.000000 
0.220000 
-0.440000 
0.000000 
0.440000 
0.000000 
-0.220000 
0.220000 
-0.440000 
0.440000 
0.000000 
0.000000 
-0.220000 
0.000000 
-0.220000 
0.220000 
0.220000 
0.000000 
-0.220000 
0.220000 
0.000000 
-0.440000 
0.000000 
0.000000 
-0.660000 
0.660000 
0.000000 
0.440000 
-1.100000 
0.000000 
1.100000 
-1.100000 
0.000000 
0.000000 
0.000000 
0.000000 
0.000000 
0.660000 
-0.660000 
1.100000 
-1.100000 
0.000000 
0.660000 
-0.660000 
0.660000 
-0.660000 
0.000000 
1.100000 
-1.100000 
0.000000 
0.000000 
0.660000 
0.000000 
-0.660000 
1.100000 
-1.100000 
0.000000 
0.000000 
0.000000 
0.000000 
0.000000 
0.880000 
-0.220000 
-0.660000 
1.100000 
-1.100000 
0.000000 
0.000000 
0.660000 
-0.660000 
0.000000 
0.000000 
0.000000 
0.660000 
-0.660000 
0.000000 
0.220000 
-0.220000 
0.000000 
0.000000 
0.000000 
1.100000 
-1.100000 
0.000000 
1.100000 
-1.100000 
0.000000 
0.000000 
1.100000 
-0.440000 
-0.660000 
0.000000 
0.000000 
1.100000 
-1.100000 
0.000000 
0.660000 
-0.660000 
0.880000 
-0.880000 
0.000000 
0.660000 
-0.660000 
0.000000 
0.000000 
0.000000 
0.000000 
0.000000 
0.000000 
0.000000 
0.660000 
0.000000 
-0.660000 
0.000000 
0.000000 
0.000000 
1.100000 
-0.440000 
0.440000 
-0.440000 
-0.660000 
0.000000 
0.000000 
0.000000 
0.000000 
0.000000 
1.100000 
-1.100000 
0.000000 
0.000000 
0.000000 
0.660000 
-0.660000 
1.100000 
-1.100000 
0.000000 
0.000000 
0.000000 
0.000000 
1.100000 
-0.440000 
