-1.320000 
-0.440000 
-0.220000 
-0.220000 
0.000000 
0.000000 
0.000000 
0.220000 
-0.220000 
0.220000 
0.000000 
-0.220000 
0.000000 
-0.220000 
-0.220000 
0.000000 
-0.220000 
0.000000 
-0.440000 
0.000000 
-0.440000 
0.000000 
-0.220000 
-0.220000 
0.000000 
0.000000 
0.000000 
0.000000 
0.000000 
0.000000 
0.000000 
0.220000 
0.000000 
0.000000 
0.000000 
-0.220000 
0.000000 
0.220000 
0.000000 
0.000000 
0.220000 
0.220000 
0.220000 
1.100000 
0.660000 
1.980000 
1.100000 
1.540000 
3.300000 
1.760000 
3.300000 
1.540000 
1.100000 
1.100000 
-0.440000 
-2.420000 
-4.180000 
0.660000 
0.220000 
0.440000 
0.000000 
-1.760000 
0.440000 
0.000000 
0.000000 
0.000000 
0.000000 
-0.220000 
0.220000 
