0.440000 
0.000000 
-0.440000 
-0.220000 
0.000000 
-0.220000 
0.000000 
-0.220000 
0.000000 
0.000000 
0.000000 
0.000000 
0.000000 
0.000000 
0.000000 
0.000000 
0.000000 
-0.440000 
0.000000 
0.000000 
-0.220000 
0.000000 
-0.220000 
0.000000 
0.000000 
0.000000 
0.000000 
0.000000 
0.000000 
0.000000 
0.000000 
0.000000 
-0.220000 
0.220000 
0.000000 
-0.220000 
0.000000 
0.000000 
0.000000 
0.000000 
-0.220000 
0.220000 
-0.220000 
0.000000 
0.000000 
0.220000 
0.000000 
0.440000 
0.220000 
0.440000 
1.100000 
0.660000 
1.540000 
0.440000 
0.220000 
0.000000 
-0.440000 
-2.640000 
-2.640000 
-3.300000 
-4.180000 
-4.180000 
0.440000 
1.100000 
0.220000 
0.000000 
0.000000 
0.000000 
1.980000 
2.200000 
