0.000000 
0.000000 
-0.220000 
0.000000 
0.000000 
0.000000 
0.000000 
0.000000 
0.000000 
-0.220000 
0.000000 
0.000000 
0.000000 
-0.220000 
0.000000 
0.000000 
0.000000 
0.000000 
0.000000 
0.000000 
-0.220000 
0.000000 
0.000000 
0.000000 
0.000000 
0.000000 
0.000000 
0.000000 
0.000000 
0.000000 
0.000000 
0.000000 
0.000000 
0.000000 
-0.220000 
0.000000 
0.000000 
0.000000 
-0.220000 
0.000000 
0.000000 
-0.220000 
0.000000 
0.000000 
-0.220000 
0.000000 
0.000000 
0.000000 
0.000000 
0.000000 
0.000000 
0.000000 
0.220000 
0.000000 
0.000000 
0.000000 
0.220000 
1.100000 
0.440000 
-3.740000 
