0.440000 
0.220000 
0.000000 
0.000000 
-0.220000 
0.000000 
-0.220000 
-0.220000 
0.000000 
0.000000 
-0.220000 
0.000000 
0.000000 
0.000000 
0.000000 
0.000000 
-0.220000 
0.000000 
0.000000 
0.000000 
0.000000 
0.000000 
0.000000 
0.220000 
0.000000 
0.220000 
0.220000 
0.220000 
0.220000 
0.220000 
0.660000 
0.440000 
1.100000 
0.220000 
-0.440000 
-0.440000 
-3.080000 
-2.200000 
-3.520000 
-3.740000 
-4.180000 
-3.740000 
0.220000 
0.000000 
0.000000 
-0.880000 
-0.220000 
0.220000 
0.000000 
0.880000 
0.000000 
-0.880000 
0.660000 
