10-16-21 : 60 60 60 60 60 
10-16-22 : 60 76 76 85 83 
10-16-23 : 83 83 83 58 58 58 
10-16-24 : 65 66 66 66 76 
10-16-25 : 76 76 80 75 76 
10-16-26 : 68 60 76 76 68 67 
10-16-27 : 61 61 68 68 75 
10-16-28 : 76 76 67 67 66 
10-16-29 : 66 66 68 68 77 
10-16-30 : 77 103 103 102 103 
10-16-31 : 105 105 103 103 103 103 
10-16-32 : 75 75 75 75 74 
10-16-33 : 74 74 75 103 94 
10-16-34 : 104 104 104 104 104 
10-16-35 : 104 88 88 80 89 89 
10-16-36 : 91 91 91 91 93 
10-16-37 : 104 104 104 104 104 
10-16-38 : 104 93 92 92 92 
10-16-39 : 92 92 92 92 93 94 
10-16-40 : 94 94 92 86 86 
10-16-41 : 86 93 93 75 75 
10-16-42 : 75 67 75 75 75 55 
10-16-43 : 55 62 62 62 62 
10-16-44 : 96 97 97 
