10-10-34 : 42 42 
10-10-35 : 42 42 42 42 42 
10-10-36 : 42 42 42 42 42 
10-10-37 : 42 42 42 42 42 42 
10-10-38 : 42 42 42 42 56 
10-10-39 : 56 56 56 56 86 
10-10-40 : 80 74 68 68 68 
10-10-41 : 74 74 74 110 104 104 
10-10-42 : 104 104 110 110 92 
10-10-43 : 92 92 92 92 92 
10-10-44 : 92 92 80 86 92 
10-10-45 : 99 92 91 98 91 92 
10-10-46 : 94 91 92 91 91 
10-10-47 : 91 91 93 91 91 
10-10-48 : 86 90 92 92 88 93 
10-10-49 : 97 88 92 96 87 
10-10-50 : 88 97 102 102 102 
10-10-51 : 91 91 91 91 84 
10-10-52 : 91 90 90 84 84 101 
10-10-53 : 111 111 111 111 111 
10-10-54 : 58 58 58 58 58 
10-10-55 : 58 58 58 58 58 
10-10-56 : 58 58 58 58 58 58 
10-10-57 : 58 58 58 58 58 
10-10-58 : 58 58 69 69 69 
10-10-59 : 69 76 76 86 81 
10-11-00 : 75 93 87 87 92 86 
10-11-01 : 86 92 92 86 86 
10-11-02 : 105 105 105 105 105 
10-11-03 : 86 86 80 80 80 
10-11-04 : 73 79 86 92 92 79 
10-11-05 : 84 84 84 78 78 
10-11-06 : 78 67 67 67 76 
10-11-07 : 80 76 76 76 58 58 
10-11-08 : 58 58 58 58 58 
10-11-09 : 58 58 58 58 58 
10-11-10 : 58 58 58 58 58 
10-11-11 : 58 58 58 58 58 58 
10-11-12 : 58 58 58 58 58 
10-11-13 : 58 58 58 58 58 
10-11-14 : 58 58 58 58 58 
10-11-15 : 58 58 86 86 86 
10-11-16 : 86 86 80 74 74 79 
10-11-17 : 73 74 86 79 75 
10-11-18 : 75 74 74 74 74 
10-11-19 : 74 57 57 56 56 
10-11-20 : 56 56 111 111 111 111 
10-11-21 : 111 111 75 75 75 
10-11-22 : 75 74 74 56 57 
10-11-23 : 57 57 57 56 57 57 
10-11-24 : 110 110 109 109 102 
10-11-25 : 110 110 100 110 110 
10-11-26 : 99 99 99 98 98 
10-11-27 : 98 111 110 110 111 111 
10-11-28 : 111 111 80 86 87 
10-11-29 : 92 93 93 92 90 
10-11-30 : 92 93 89 91 91 
10-11-31 : 91 91 92 92 88 88 
10-11-32 : 92 92 121 121 121 
10-11-33 : 118 118 118 85 85 
10-11-34 : 93 93 93 93 110 
10-11-35 : 110 110 110 104 99 92 
10-11-36 : 92 86 50 50 50 
10-11-37 : 56 56 56 86 86 
10-11-38 : 86 86 86 86 80 
10-11-39 : 110 110 110 111 111 111 
10-11-40 : 50 57 57 57 57 
10-11-41 : 57 104 110 110 104 
10-11-42 : 104 104 104 58 58 58 
10-11-43 : 58 60 60 60 60 
10-11-44 : 102 102 102 102 102 
10-11-45 : 57 57 57 57 62 
10-11-46 : 58 58 69 69 62 
10-11-47 : 62 62 68 68 97 91 
10-11-48 : 91 98 105 105 98 
10-11-49 : 98 92 92 62 62 
10-11-50 : 62 62 57 62 62 
10-11-51 : 74 74 74 74 74 74 
10-11-52 : 93 93 93 93 92 
10-11-53 : 89 89 93 91 79 
10-11-54 : 74 74 73 81 81 
10-11-55 : 74 73 73 74 74 73 
10-11-56 : 73 74 74 74 74 
10-11-57 : 74 74 73 73 74 
10-11-58 : 74 74 91 91 91 91 
10-11-59 : 91 91 91 91 92 
10-12-00 : 91 92 85 85 85 
10-12-01 : 85 85 85 85 76 
10-12-02 : 92 86 86 86 92 91 
10-12-03 : 87 89 88 91 92 
10-12-04 : 92 91 91 92 90 
10-12-05 : 90 91 90 88 89 
10-12-06 : 90 91 91 92 92 92 
10-12-07 : 92 92 92 92 92 
10-12-08 : 92 92 92 92 93 
10-12-09 : 92 92 94 95 95 
10-12-10 : 96 95 95 93 94 
10-12-11 : 86 93 92 92 
