11-23-19 : 42 42 42 
11-23-20 : 42 42 42 42 42 
11-23-21 : 42 42 42 42 42 
11-23-22 : 42 42 42 42 42 
11-23-23 : 42 42 42 42 42 42 
11-23-24 : 42 42 42 42 42 
11-23-25 : 42 42 42 42 42 
11-23-26 : 42 42 42 42 42 42 
11-23-27 : 42 42 42 42 42 
11-23-28 : 42 42 42 42 42 
11-23-29 : 42 42 42 42 42 
11-23-30 : 42 42 42 42 42 42 
11-23-31 : 42 42 42 42 42 
11-23-32 : 42 42 42 42 42 
11-23-33 : 42 42 42 42 42 
11-23-34 : 42 42 42 42 42 42 
11-23-35 : 42 42 42 42 42 
11-23-36 : 42 42 42 42 42 
11-23-37 : 42 42 42 42 42 
11-23-38 : 42 42 42 42 42 42 
11-23-39 : 42 42 42 42 42 
11-23-40 : 42 42 42 42 42 
11-23-41 : 42 42 42 42 42 
11-23-42 : 42 42 42 42 42 42 
11-23-43 : 42 42 42 42 42 
11-23-44 : 42 42 42 42 42 
11-23-45 : 42 42 42 42 42 42 
11-23-46 : 42 42 42 42 42 
11-23-47 : 42 42 42 42 42 
11-23-48 : 42 109 109 109 105 
11-23-49 : 96 87 80 80 80 86 
11-23-50 : 98 92 86 86 92 
11-23-51 : 92 86 80 80 86 
11-23-52 : 86 92 84 85 92 
11-23-53 : 92 86 86 92 80 86 
11-23-54 : 91 91 86 87 87 
11-23-55 : 87 85 93 93 85 
11-23-56 : 85 84 94 85 104 
11-23-57 : 104 104 105 96 96 96 
11-23-58 : 74 67 67 74 74 
11-23-59 : 74 67 74 74 74 
11-24-00 : 67 67 74 80 105 
11-24-01 : 105 105 105 105 67 75 
11-24-02 : 73 73 73 67 73 
11-24-03 : 73 75 67 67 77 
11-24-04 : 44 44 44 44 44 
11-24-05 : 92 92 83 90 90 90 
11-24-06 : 90 81 92 92 92 
11-24-07 : 92 92 69 68 68 
11-24-08 : 68 68 68 93 93 90 
11-24-09 : 92 90 88 92 92 
11-24-10 : 88 87 87 86 86 
11-24-11 : 86 50 50 50 50 
11-24-12 : 50 85 85 85 85 86 
11-24-13 : 86 86 67 67 67 
11-24-14 : 67 67 67 85 86 
11-24-15 : 86 86 86 92 98 
11-24-16 : 98 116 116 116 116 116 
11-24-17 : 63 62 62 62 62 
11-24-18 : 63 63 63 62 62 
11-24-19 : 62 67 104 104 104 
11-24-20 : 104 104 104 63 63 63 
11-24-21 : 63 63 62 62 62 
11-24-22 : 62 62 62 62 62 
11-24-23 : 62 62 62 62 62 62 
11-24-24 : 62 62 62 63 63 
11-24-25 : 63 63 63 63 63 
11-24-26 : 122 122 121 121 122 
11-24-27 : 122 122 122 122 55 55 
11-24-28 : 61 61 61 61 61 
11-24-29 : 61 86 89 89 84 
11-24-30 : 90 90 90 80 71 
11-24-31 : 71 58 58 58 58 58 
11-24-32 : 58 58 58 58 58 
11-24-33 : 58 58 58 58 58 
11-24-34 : 58 58 58 58 58 
11-24-35 : 58 58 58 58 58 
11-24-36 : 58 58 58 58 58 58 
11-24-37 : 58 58 58 58 58 
11-24-38 : 58 58 58 58 58 
11-24-39 : 58 58 58 58 58 
11-24-40 : 58 58 58 58 58 58 
11-24-41 : 58 58 58 58 58 
11-24-42 : 58 58 58 58 58 
11-24-43 : 58 58 58 58 58 
11-24-44 : 58 58 58 58 
