2.400000 
0.000000 
0.000000 
0.000000 
0.000000 
-0.400000 
0.000000 
0.000000 
0.000000 
0.400000 
0.000000 
0.000000 
0.000000 
0.000000 
0.000000 
1.200000 
2.400000 
1.200000 
0.800000 
0.400000 
0.400000 
0.000000 
-0.400000 
0.000000 
-0.400000 
0.000000 
-0.400000 
-0.400000 
0.000000 
-0.400000 
0.400000 
-0.400000 
0.000000 
-0.400000 
0.400000 
0.000000 
0.000000 
2.400000 
0.800000 
1.200000 
0.800000 
0.000000 
0.000000 
0.000000 
-0.400000 
0.000000 
0.000000 
-0.400000 
0.000000 
-0.400000 
0.000000 
0.000000 
0.000000 
0.000000 
0.000000 
0.000000 
0.000000 
2.000000 
2.000000 
0.800000 
0.800000 
0.400000 
0.400000 
0.400000 
0.000000 
0.000000 
0.000000 
0.000000 
0.000000 
0.000000 
0.000000 
0.000000 
0.000000 
0.000000 
0.000000 
-15.200000 
14.800000 
0.000000 
4.800000 
-1.200000 
4.000000 
1.600000 
0.000000 
0.400000 
0.000000 
-0.400000 
0.000000 
0.000000 
0.000000 
-0.400000 
0.000000 
-0.400000 
0.000000 
0.400000 
0.000000 
0.000000 
0.000000 
0.000000 
0.000000 
0.000000 
0.000000 
0.000000 
0.000000 
-0.400000 
-3.600000 
-0.400000 
-0.400000 
-0.400000 
0.400000 
0.000000 
-2.000000 
1.600000 
-23.200000 
0.000000 
