5.600000 
2.000000 
0.400000 
0.000000 
0.400000 
0.000000 
0.000000 
0.000000 
0.000000 
0.000000 
0.000000 
0.000000 
0.400000 
-0.400000 
0.400000 
0.000000 
0.000000 
0.000000 
0.000000 
2.400000 
1.200000 
1.200000 
1.200000 
0.400000 
0.400000 
0.000000 
0.000000 
0.000000 
0.000000 
0.000000 
0.000000 
0.000000 
0.000000 
-0.400000 
0.000000 
0.000000 
-0.400000 
0.000000 
0.000000 
0.000000 
2.400000 
1.200000 
0.800000 
0.400000 
0.400000 
0.000000 
0.000000 
-0.400000 
0.400000 
-0.400000 
0.000000 
0.000000 
0.000000 
0.000000 
0.000000 
0.000000 
0.000000 
0.000000 
0.000000 
0.000000 
3.200000 
1.200000 
0.400000 
0.400000 
0.400000 
0.000000 
0.000000 
0.000000 
0.000000 
0.000000 
0.000000 
0.000000 
0.000000 
0.000000 
0.000000 
0.000000 
0.000000 
-0.400000 
0.000000 
2.000000 
1.200000 
2.000000 
0.800000 
0.000000 
0.000000 
0.000000 
0.000000 
0.000000 
-0.400000 
0.000000 
0.000000 
0.000000 
0.000000 
0.000000 
-0.400000 
0.000000 
0.000000 
-16.000000 
0.000000 
15.600000 
-0.400000 
-0.400000 
-15.200000 
14.800000 
-0.800000 
-0.400000 
-0.800000 
-0.400000 
-0.800000 
-1.200000 
-1.200000 
0.800000 
5.200000 
-15.600000 
