2.000000 
0.000000 
0.000000 
0.000000 
0.000000 
0.000000 
0.000000 
0.000000 
0.000000 
0.000000 
0.000000 
0.000000 
0.400000 
0.000000 
2.400000 
0.800000 
1.200000 
0.400000 
0.800000 
-0.400000 
0.000000 
0.000000 
-0.400000 
0.000000 
0.000000 
0.000000 
-0.400000 
0.000000 
0.000000 
0.000000 
0.000000 
0.000000 
0.000000 
0.000000 
0.000000 
2.800000 
1.200000 
1.200000 
0.800000 
0.400000 
0.400000 
0.000000 
0.000000 
0.000000 
0.000000 
-0.400000 
0.000000 
0.000000 
0.000000 
0.000000 
0.000000 
0.000000 
0.000000 
0.000000 
0.000000 
0.000000 
2.800000 
1.600000 
0.400000 
0.800000 
0.400000 
0.400000 
0.400000 
0.400000 
0.800000 
0.000000 
0.000000 
-0.400000 
0.000000 
0.000000 
0.000000 
-0.400000 
0.000000 
0.000000 
-0.400000 
2.800000 
1.600000 
0.800000 
0.800000 
0.400000 
0.800000 
0.000000 
0.000000 
0.000000 
0.000000 
0.000000 
-0.400000 
0.000000 
-0.400000 
0.000000 
0.000000 
0.000000 
-0.400000 
0.000000 
0.000000 
0.000000 
0.000000 
0.000000 
0.000000 
0.000000 
13.600000 
-0.400000 
0.000000 
0.000000 
0.000000 
0.000000 
