1.200000 
1.200000 
-0.800000 
-1.200000 
0.000000 
0.800000 
0.800000 
0.800000 
0.000000 
-1.200000 
-0.400000 
0.400000 
1.200000 
0.400000 
0.000000 
-0.800000 
-0.400000 
0.400000 
0.400000 
0.800000 
0.000000 
-0.800000 
-0.400000 
-0.400000 
0.800000 
0.400000 
0.000000 
-0.400000 
-0.400000 
0.000000 
0.800000 
0.400000 
-0.400000 
-0.400000 
0.000000 
0.000000 
0.400000 
0.000000 
-0.400000 
-0.400000 
0.000000 
0.000000 
0.400000 
0.000000 
0.000000 
-0.400000 
0.000000 
0.000000 
0.400000 
0.000000 
0.000000 
0.000000 
0.400000 
0.400000 
0.000000 
0.000000 
0.000000 
0.400000 
0.000000 
-0.400000 
0.000000 
0.000000 
0.000000 
0.400000 
0.000000 
0.000000 
0.000000 
0.000000 
0.000000 
0.400000 
0.000000 
0.000000 
0.000000 
0.000000 
0.000000 
0.000000 
0.000000 
0.000000 
0.000000 
0.000000 
0.000000 
0.400000 
0.000000 
0.000000 
0.400000 
0.000000 
0.000000 
0.400000 
0.000000 
0.000000 
0.000000 
-0.400000 
0.000000 
0.000000 
0.000000 
0.000000 
0.000000 
0.000000 
0.000000 
0.400000 
0.000000 
0.400000 
0.000000 
0.400000 
0.400000 
0.000000 
0.000000 
0.400000 
0.000000 
0.000000 
0.000000 
0.400000 
0.800000 
0.000000 
-0.400000 
7.600000 
2.000000 
0.800000 
-1.600000 
-2.800000 
-0.800000 
0.800000 
3.600000 
5.600000 
4.400000 
6.400000 
5.200000 
7.600000 
4.000000 
2.800000 
0.400000 
-0.400000 
-0.400000 
0.000000 
0.800000 
0.000000 
0.000000 
0.400000 
0.400000 
-0.800000 
-0.800000 
0.000000 
1.200000 
-0.800000 
-0.400000 
0.000000 
0.400000 
0.000000 
-0.400000 
0.000000 
0.000000 
0.000000 
0.400000 
0.000000 
0.000000 
-0.400000 
0.000000 
0.400000 
0.000000 
0.000000 
0.000000 
0.000000 
0.000000 
-0.400000 
0.000000 
0.400000 
-0.400000 
0.000000 
0.400000 
-0.400000 
0.400000 
0.000000 
0.000000 
0.400000 
0.000000 
0.000000 
0.400000 
0.000000 
0.000000 
0.000000 
0.000000 
0.000000 
0.000000 
0.000000 
0.000000 
0.000000 
0.000000 
0.000000 
0.000000 
0.000000 
0.000000 
0.000000 
0.000000 
-0.400000 
0.000000 
0.400000 
0.000000 
0.000000 
0.000000 
0.000000 
0.000000 
0.000000 
-0.400000 
0.000000 
0.000000 
-0.400000 
0.000000 
-0.400000 
0.000000 
-0.400000 
0.000000 
-0.400000 
0.000000 
0.000000 
0.000000 
0.000000 
0.400000 
0.000000 
0.000000 
-0.400000 
0.000000 
0.400000 
0.000000 
-0.400000 
0.000000 
0.000000 
0.000000 
0.000000 
0.000000 
-0.400000 
0.000000 
0.000000 
0.000000 
-17.200000 
17.200000 
0.000000 
0.000000 
-18.000000 
18.400000 
-18.400000 
18.400000 
-17.600000 
17.600000 
-17.600000 
-0.800000 
0.800000 
-0.800000 
0.800000 
-0.400000 
0.400000 
-0.400000 
0.000000 
0.000000 
0.400000 
-0.400000 
0.000000 
0.000000 
0.000000 
0.000000 
18.400000 
-18.000000 
18.000000 
-18.000000 
18.000000 
-18.000000 
-0.400000 
0.000000 
0.000000 
0.000000 
0.000000 
0.400000 
0.000000 
0.000000 
19.200000 
-19.200000 
19.200000 
-19.200000 
19.200000 
-19.600000 
0.000000 
0.400000 
17.200000 
-17.600000 
5.200000 
7.600000 
-12.400000 
0.000000 
0.000000 
0.000000 
0.000000 
0.000000 
0.000000 
0.000000 
0.000000 
0.000000 
0.000000 
0.000000 
0.000000 
0.000000 
0.000000 
0.000000 
0.000000 
0.000000 
0.000000 
0.000000 
0.000000 
0.000000 
0.000000 
0.000000 
0.000000 
0.000000 
0.000000 
0.000000 
0.000000 
0.400000 
-0.400000 
0.000000 
0.000000 
0.000000 
0.000000 
0.000000 
0.000000 
0.000000 
0.000000 
0.000000 
0.000000 
0.000000 
0.000000 
0.000000 
0.000000 
0.000000 
0.000000 
0.000000 
0.000000 
0.000000 
0.000000 
0.000000 
0.000000 
0.000000 
0.000000 
