1.600000 
0.000000 
0.000000 
0.400000 
0.000000 
-0.400000 
0.000000 
0.000000 
0.000000 
0.400000 
0.000000 
0.000000 
4.800000 
1.600000 
0.400000 
0.000000 
0.000000 
0.000000 
0.000000 
0.000000 
0.000000 
-0.400000 
-0.400000 
0.000000 
0.000000 
0.000000 
0.000000 
0.000000 
0.000000 
0.000000 
5.200000 
0.400000 
0.800000 
0.400000 
0.400000 
0.000000 
0.000000 
-0.400000 
0.000000 
-0.400000 
-0.400000 
0.000000 
-0.400000 
0.000000 
-0.400000 
0.000000 
0.000000 
0.000000 
2.000000 
2.800000 
0.800000 
0.400000 
0.000000 
0.400000 
0.000000 
-0.400000 
0.000000 
-0.400000 
0.000000 
-0.400000 
0.000000 
0.000000 
-0.400000 
0.000000 
0.000000 
0.000000 
4.000000 
1.600000 
0.800000 
0.400000 
0.000000 
0.400000 
0.000000 
0.000000 
0.000000 
-0.400000 
0.000000 
0.000000 
-0.400000 
-0.400000 
0.000000 
0.000000 
0.000000 
0.000000 
-0.400000 
0.000000 
-0.400000 
0.000000 
-2.000000 
2.800000 
-19.200000 
0.000000 
