0.400000 
0.000000 
0.000000 
0.400000 
0.000000 
0.000000 
0.000000 
3.200000 
1.200000 
1.200000 
0.800000 
0.400000 
0.000000 
0.400000 
0.000000 
0.000000 
0.000000 
0.000000 
0.000000 
0.000000 
-0.400000 
0.000000 
0.000000 
0.000000 
0.000000 
0.000000 
0.400000 
0.000000 
0.000000 
0.000000 
0.400000 
0.000000 
1.200000 
2.800000 
1.200000 
0.800000 
0.400000 
0.400000 
0.400000 
0.000000 
0.000000 
0.000000 
0.000000 
0.000000 
-0.400000 
0.000000 
0.000000 
-0.400000 
0.000000 
0.000000 
0.000000 
0.000000 
-0.400000 
0.400000 
0.000000 
-0.400000 
0.000000 
0.000000 
1.200000 
2.400000 
1.200000 
0.800000 
0.400000 
0.000000 
0.000000 
0.400000 
0.000000 
-0.400000 
0.000000 
-0.400000 
0.400000 
-0.400000 
0.000000 
0.000000 
0.000000 
0.000000 
0.000000 
0.000000 
0.000000 
0.000000 
0.000000 
0.000000 
0.000000 
0.000000 
2.800000 
1.200000 
1.200000 
0.800000 
0.800000 
0.000000 
0.400000 
0.000000 
-0.400000 
0.000000 
-0.400000 
-0.400000 
0.000000 
0.400000 
0.000000 
0.000000 
-0.400000 
0.000000 
0.000000 
0.000000 
0.000000 
0.000000 
0.000000 
0.000000 
0.000000 
2.000000 
2.000000 
0.800000 
0.400000 
0.800000 
0.000000 
0.000000 
0.400000 
0.000000 
-0.400000 
0.000000 
0.000000 
0.000000 
0.000000 
0.000000 
-0.400000 
0.400000 
0.000000 
0.000000 
0.000000 
0.000000 
0.000000 
0.000000 
0.000000 
0.000000 
0.000000 
0.000000 
0.000000 
0.000000 
-0.400000 
0.000000 
-0.400000 
-0.800000 
-1.600000 
-0.400000 
-0.800000 
-0.800000 
-0.400000 
-0.400000 
-0.400000 
-0.800000 
-0.400000 
-1.600000 
3.600000 
9.600000 
27.200000 
