0.000000 
0.000000 
0.000000 
0.000000 
0.000000 
0.000000 
0.000000 
0.400000 
0.000000 
0.000000 
0.000000 
0.400000 
0.000000 
0.000000 
0.000000 
0.000000 
0.000000 
0.000000 
0.000000 
0.000000 
0.000000 
0.000000 
0.000000 
0.000000 
0.000000 
0.400000 
0.000000 
0.000000 
0.000000 
0.000000 
0.000000 
0.000000 
0.000000 
0.000000 
0.000000 
0.000000 
0.000000 
0.000000 
0.000000 
0.000000 
0.000000 
0.400000 
0.000000 
0.000000 
0.000000 
0.000000 
0.000000 
0.000000 
0.000000 
0.000000 
0.000000 
0.000000 
-0.400000 
-0.800000 
0.800000 
8.400000 
9.200000 
12.800000 
