4.400000 
0.800000 
1.200000 
0.800000 
0.800000 
0.000000 
0.400000 
0.400000 
0.000000 
0.400000 
0.000000 
0.000000 
0.000000 
0.000000 
0.000000 
0.400000 
0.000000 
0.400000 
0.000000 
2.400000 
1.200000 
1.200000 
1.200000 
0.800000 
0.400000 
0.400000 
0.000000 
0.000000 
0.400000 
0.400000 
-0.400000 
0.000000 
0.000000 
0.000000 
0.000000 
0.000000 
0.000000 
0.000000 
0.000000 
0.000000 
-0.400000 
3.600000 
1.200000 
1.200000 
1.200000 
0.800000 
0.400000 
0.400000 
0.000000 
0.000000 
0.000000 
0.000000 
0.000000 
0.000000 
0.000000 
0.000000 
0.000000 
0.000000 
0.400000 
0.000000 
0.000000 
0.000000 
1.200000 
2.000000 
0.800000 
0.800000 
0.800000 
-0.400000 
0.000000 
0.400000 
0.000000 
0.000000 
0.000000 
0.000000 
0.000000 
0.000000 
0.000000 
0.400000 
-0.400000 
0.400000 
0.000000 
0.000000 
-0.400000 
0.400000 
3.600000 
1.600000 
1.200000 
0.800000 
0.400000 
0.400000 
0.000000 
0.000000 
0.000000 
0.400000 
0.000000 
0.000000 
0.000000 
-0.400000 
0.400000 
0.400000 
0.000000 
0.000000 
0.000000 
1.200000 
6.800000 
22.000000 
-22.400000 
