10-32-45 : 20 : -0.250,0.250,0.000,-0.250,0.250,-0.250,0.250,0.000,0.000,0.000,0.000,0.000,-0.250,0.250,0.000,-0.250,0.250,0.000,0.000,-0.250,
10-32-46 : 19 : 0.250,0.000,-0.250,0.250,-0.250,0.250,0.000,0.000,-0.250,0.000,0.250,0.000,0.000,0.000,-0.250,0.250,0.000,0.000,0.000,
10-32-47 : 19 : 0.000,0.000,0.000,-0.250,0.250,0.000,0.000,0.000,0.000,0.000,0.000,-0.250,0.250,-0.250,0.250,0.000,0.000,0.000,-0.250,
10-32-48 : 21 : 0.250,0.000,-0.250,0.250,0.000,-0.250,0.250,-0.250,0.250,-0.250,0.000,0.250,0.000,0.000,0.000,0.000,0.000,-0.250,0.250,0.000,0.000,
10-32-49 : 20 : 0.000,0.000,0.000,-0.250,0.250,0.000,0.000,0.000,-0.250,0.250,0.000,-0.250,0.000,0.250,0.000,0.000,0.000,0.000,0.000,-0.250,
10-32-50 : 20 : 0.250,0.000,0.000,0.000,-0.250,0.250,0.000,0.000,0.000,0.000,0.000,0.000,0.000,0.000,-0.250,0.250,0.000,0.000,0.000,0.000,
10-32-51 : 19 : 0.000,0.000,-0.250,0.250,0.000,0.000,0.000,0.000,0.000,0.000,0.000,0.000,0.000,0.000,0.000,0.000,-0.250,0.250,0.000,
10-32-52 : 19 : 0.000,0.000,0.000,0.000,0.000,-0.250,0.250,-0.250,0.250,-0.250,0.250,0.000,0.000,-0.250,0.250,0.000,0.000,-0.250,0.250,
10-32-53 : 20 : 0.000,-0.250,0.250,0.000,0.000,0.000,0.000,0.000,-0.250,0.250,0.000,0.000,-0.250,0.250,-0.250,0.250,0.000,0.000,-0.250,0.000,
10-32-54 : 20 : 0.000,0.250,-0.250,0.250,0.000,-0.250,0.250,0.000,-0.250,0.250,-0.250,0.250,0.000,-0.250,0.000,0.000,0.250,0.000,0.000,0.000,
10-32-55 : 20 : 0.000,0.000,0.000,0.000,0.000,0.000,0.000,0.000,-0.250,0.250,0.000,0.000,-0.250,0.250,0.000,0.000,0.000,-0.250,0.000,0.000,
10-32-56 : 6 : 0.250,0.000,0.000,0.000,0.000,0.000,
