10-43-47 : 74 74 74 74 74 
10-43-48 : 74 74 74 74 74 
10-43-49 : 86 86 86 86 86 
10-43-50 : 74 74 74 74 74 
10-43-51 : 74 74 74 74 74 
10-43-52 : 74 74 74 74 74 
10-43-53 : 74 74 74 74 73 
10-43-54 : 73 73 74 74 74 
10-43-55 : 74 74 74 74 74 
10-43-56 : 73 74 74 74 74 
10-43-57 : 74 74 74 74 74 
10-43-58 : 73 68 68 67 67 
10-43-59 : 67 67 67 67 67 
10-44-00 : 74 74 81 72 67 
10-44-01 : 81 80 74 80 80 
10-44-02 : 80 75 75 83 79 
10-44-03 : 75 79 81 79 76 
10-44-04 : 83 80 72 75 75 
10-44-05 : 80 80 73 75 80 
10-44-06 : 80 70 74 79 62 
10-44-07 : 67 74 80 86 86 
10-44-08 : 86 80 80 80 70 
10-44-09 : 81 90 90 90 90 
