10-15-13 : 18 : 2.000,1.000,0.500,0.250,0.250,0.250,0.250,0.000,0.000,0.250,0.000,0.000,0.000,0.000,0.000,0.250,0.000,0.000,
10-15-13 : 18 : 3.750,-0.750,-0.250,-0.250,-0.250,-0.250,-0.250,-0.250,-0.500,0.000,-0.250,0.000,0.000,-0.250,0.000,0.000,0.000,0.000,
10-15-14 : 20 : 0.250,0.000,0.250,2.000,1.000,0.250,0.750,0.250,0.250,0.250,0.000,0.000,0.000,0.000,0.000,-0.250,0.000,0.000,-0.250,0.000,
10-15-14 : 20 : 0.000,0.000,0.000,4.250,-0.750,-0.250,0.500,-0.250,-0.500,-0.250,-0.250,-0.250,-0.250,-0.250,-0.250,-0.250,-0.500,0.000,-0.250,0.000,
10-15-15 : 20 : 0.000,0.000,0.000,0.000,-0.250,0.250,1.750,1.000,0.500,0.500,0.250,0.250,0.250,0.000,0.000,0.000,0.000,-0.250,0.000,0.000,
10-15-15 : 20 : -0.250,-0.250,0.000,0.000,-0.250,0.000,4.000,-0.250,-0.500,0.250,-0.750,-0.500,-0.250,-0.250,-0.500,-0.250,-0.250,-0.250,0.000,0.000,
10-15-16 : 20 : -0.250,0.000,0.000,0.000,-0.250,0.000,-0.250,1.500,1.500,0.500,0.750,-17.750,-8.750,0.000,0.000,0.000,0.000,0.000,0.000,0.000,
10-15-16 : 20 : -0.250,0.000,0.250,-0.500,-0.250,0.250,-0.500,2.750,1.250,0.000,-0.500,-18.750,12.250,-0.250,0.000,0.000,0.000,0.000,0.000,0.000,
10-15-17 : 20 : 0.000,0.000,0.000,0.000,0.000,0.000,0.000,0.000,0.250,-0.250,0.000,0.000,0.000,0.000,0.000,0.000,0.000,0.000,0.000,0.000,
10-15-17 : 20 : 0.000,0.000,0.000,0.000,0.000,0.000,0.000,0.000,0.000,0.000,0.000,0.250,-0.250,0.000,0.000,0.000,0.000,0.000,0.000,0.000,
10-15-18 : 14 : 0.000,0.000,0.000,0.000,0.000,0.000,0.000,0.000,0.000,0.000,0.000,0.000,0.000,0.000,
10-15-18 : 14 : 0.000,0.000,0.000,0.000,0.000,0.000,0.000,0.000,0.000,0.000,0.000,0.000,0.000,0.000,
