10-29-18 : 17 : 0.750,0.000,-0.250,0.000,-0.250,0.000,0.000,0.000,0.000,-0.250,0.000,2.000,0.500,0.750,0.750,0.250,0.250,
10-29-18 : 17 : -2.250,-0.500,-0.250,-0.750,0.000,-0.250,0.000,-0.250,0.000,0.000,-0.250,3.750,0.750,-0.500,0.000,0.000,-0.250,
10-29-19 : 20 : 0.250,0.000,0.250,0.000,0.000,-0.250,0.000,0.000,-0.250,0.000,0.000,-0.250,2.250,0.750,1.000,0.500,0.500,0.250,0.250,0.250,
10-29-19 : 20 : -0.500,-0.250,-0.500,-0.500,0.000,-0.500,-0.500,-0.250,0.000,0.000,0.000,0.000,3.500,-0.250,0.750,0.250,-0.750,-0.500,-0.500,-0.500,
10-29-20 : 20 : 0.000,0.000,0.000,0.000,-0.250,0.000,0.000,0.000,-0.250,1.500,1.250,0.500,0.750,0.500,0.250,0.250,0.000,0.000,0.000,0.000,
10-29-20 : 20 : -0.500,-0.250,-0.500,-0.250,-0.250,-0.250,0.000,-0.250,0.250,3.000,1.000,-0.500,0.000,0.000,-0.500,-0.250,-0.250,-0.750,-0.500,-0.250,
10-29-21 : 20 : 0.000,0.000,-0.250,0.000,0.000,0.000,0.000,-0.250,2.000,1.000,0.750,0.250,0.000,0.250,0.000,-0.250,-0.250,0.000,-0.250,-0.250,
10-29-21 : 20 : -0.750,-0.500,-0.250,-0.250,-0.250,0.000,0.250,0.000,4.000,0.500,-0.250,0.000,0.250,-0.250,-0.250,-0.250,-0.250,-0.750,-0.500,-0.500,
10-29-22 : 8 : -0.250,-0.250,-1.000,-0.750,-1.750,-2.500,-1.750,-18.750,
10-29-22 : 8 : -0.750,-0.250,-0.250,-0.500,-2.500,-6.000,-13.750,17.750,
