10-23-45 : 14 : 0.000,0.000,-0.250,0.000,-0.250,0.000,-0.250,0.000,-0.250,-0.250,2.250,1.000,0.500,0.500,
10-23-45 : 14 : -1.750,-0.250,-0.250,0.000,0.000,0.000,0.000,0.000,0.000,-0.250,4.250,0.000,-0.250,-0.250,
10-23-46 : 19 : 0.250,0.250,0.000,0.000,0.250,0.000,0.000,0.000,0.000,0.000,0.000,-0.250,0.000,1.500,1.250,0.750,0.750,0.750,0.250,
10-23-46 : 19 : 0.000,-0.500,0.000,-0.250,-0.250,-0.500,0.000,-0.500,-0.250,-0.250,-0.250,-0.500,0.000,2.250,2.000,-0.250,0.000,0.000,-0.250,
10-23-47 : 20 : 0.500,0.000,0.000,0.250,0.000,-0.250,0.000,0.000,0.000,0.000,-0.500,2.250,1.000,0.500,0.750,0.250,0.250,0.000,0.250,-0.250,
10-23-47 : 20 : -0.750,-0.500,-0.500,-0.250,-0.500,-0.250,-0.250,-0.250,0.000,0.250,-0.250,4.750,1.000,-0.500,-0.250,0.000,-1.000,-0.500,-0.750,-1.000,
10-23-48 : 20 : 0.000,0.000,0.000,-0.250,0.000,0.000,-0.250,1.500,1.000,0.750,0.500,0.500,0.250,0.000,0.500,0.000,0.000,0.250,-0.250,0.000,
10-23-48 : 20 : -0.500,-0.250,-0.500,-0.250,0.000,0.000,0.000,2.750,1.750,-0.250,0.000,0.250,0.000,0.000,-0.500,-0.500,-0.500,-0.500,-0.500,-0.750,
10-23-49 : 8 : -0.250,-0.250,-0.500,-1.000,-1.500,-1.750,-18.750,-11.000,
10-23-49 : 8 : -0.250,0.000,0.250,-0.500,-2.750,-4.250,5.250,-2.250,
